 &plot nbnd=  10, nks=   201 /
            0.353566  0.707094  0.000037
   -1.615   -1.614    2.218    2.220   10.255   10.258   10.908   10.910   16.428   16.428
            0.344727  0.689417  0.000036
   -1.733   -1.498    2.144    2.306   10.174   10.253   10.816   11.103   16.202   16.615
            0.335887  0.671740  0.000035
   -1.859   -1.377    2.086    2.399   10.097   10.149   10.731   11.409   15.951   16.749
            0.327048  0.654062  0.000034
   -1.994   -1.250    2.047    2.497   10.018   10.026   10.652   11.757   15.687   16.803
            0.318209  0.636385  0.000033
   -2.135   -1.118    2.024    2.601    9.881    9.961   10.579   12.125   15.418   16.765
            0.309370  0.618708  0.000032
   -2.282   -0.981    2.018    2.709    9.745    9.901   10.513   12.505   15.146   16.647
            0.300531  0.601030  0.000031
   -2.434   -0.838    2.028    2.821    9.613    9.849   10.453   12.893   14.875   16.476
            0.291692  0.583353  0.000031
   -2.590   -0.690    2.053    2.938    9.486    9.803   10.398   13.286   14.604   16.275
            0.282853  0.565676  0.000030
   -2.748   -0.537    2.091    3.058    9.365    9.765   10.348   13.684   14.336   16.059
            0.274013  0.547998  0.000029
   -2.907   -0.378    2.142    3.180    9.250    9.735   10.304   14.052   14.104   15.836
            0.265174  0.530321  0.000028
   -3.067   -0.214    2.205    3.306    9.142    9.713   10.264   13.807   14.487   15.611
            0.256335  0.512643  0.000027
   -3.226   -0.045    2.279    3.434    9.039    9.700   10.227   13.550   14.884   15.388
            0.247496  0.494966  0.000026
   -3.384    0.129    2.363    3.563    8.944    9.695   10.194   13.296   15.169   15.275
            0.238657  0.477289  0.000025
   -3.540    0.309    2.457    3.693    8.855    9.700   10.165   13.046   14.956   15.653
            0.229818  0.459611  0.000024
   -3.693    0.494    2.559    3.823    8.773    9.714   10.138   12.800   14.749   16.010
            0.220979  0.441934  0.000023
   -3.843    0.684    2.670    3.953    8.698    9.736   10.115   12.559   14.550   16.333
            0.212139  0.424257  0.000022
   -3.989    0.879    2.788    4.082    8.630    9.763   10.097   12.322   14.360   16.607
            0.203300  0.406579  0.000021
   -4.132    1.079    2.914    4.210    8.568    9.791   10.089   12.090   14.180   16.812
            0.194461  0.388902  0.000020
   -4.270    1.285    3.046    4.336    8.514    9.812   10.097   11.862   14.009   16.872
            0.185622  0.371225  0.000019
   -4.403    1.495    3.184    4.459    8.466    9.817   10.129   11.640   13.847   16.473
            0.176783  0.353547  0.000019
   -4.531    1.710    3.328    4.579    8.425    9.803   10.188   11.422   13.695   16.085
            0.167944  0.335870  0.000018
   -4.654    1.930    3.477    4.696    8.390    9.773   10.269   11.209   13.550   15.711
            0.159105  0.318192  0.000017
   -4.772    2.155    3.630    4.809    8.362    9.731   10.364   11.000   13.411   15.355
            0.150265  0.300515  0.000016
   -4.884    2.384    3.787    4.919    8.341    9.681   10.471   10.797   13.275   15.023
            0.141426  0.282838  0.000015
   -4.991    2.617    3.947    5.024    8.326    9.623   10.582   10.599   13.137   14.721
            0.132587  0.265160  0.000014
   -5.091    2.854    4.110    5.125    8.317    9.560   10.407   10.694   12.996   14.456
            0.123748  0.247483  0.000013
   -5.186    3.096    4.275    5.221    8.314    9.490   10.219   10.796   12.852   14.236
            0.114909  0.229806  0.000012
   -5.274    3.340    4.441    5.314    8.316    9.417   10.037   10.874   12.715   14.062
            0.106070  0.212128  0.000011
   -5.356    3.588    4.607    5.401    8.324    9.341    9.861   10.909   12.604   13.932
            0.097231  0.194451  0.000010
   -5.432    3.837    4.771    5.484    8.337    9.262    9.691   10.879   12.546   13.839
            0.088391  0.176774  0.000009
   -5.502    4.088    4.934    5.561    8.353    9.183    9.527   10.776   12.557   13.776
            0.079552  0.159096  0.000008
   -5.565    4.339    5.093    5.634    8.373    9.104    9.371   10.608   12.630   13.734
            0.070713  0.141419  0.000007
   -5.621    4.589    5.247    5.701    8.396    9.026    9.222   10.398   12.748   13.708
            0.061874  0.123742  0.000006
   -5.671    4.836    5.394    5.763    8.420    8.950    9.082   10.167   12.894   13.694
            0.053035  0.106064  0.000006
   -5.715    5.076    5.531    5.817    8.445    8.876    8.953    9.930   13.053   13.688
            0.044196  0.088387  0.000005
   -5.751    5.305    5.656    5.865    8.469    8.804    8.837    9.702   13.213   13.686
            0.035357  0.070709  0.000004
   -5.782    5.517    5.766    5.906    8.491    8.733    8.735    9.495   13.365   13.687
            0.026517  0.053032  0.000003
   -5.805    5.703    5.857    5.938    8.509    8.651    8.665    9.323   13.499   13.690
            0.017678  0.035355  0.000002
   -5.822    5.852    5.925    5.962    8.524    8.588    8.601    9.198   13.604   13.693
            0.008839  0.017677  0.000001
   -5.832    5.949    5.968    5.976    8.533    8.549    8.554    9.123   13.672   13.695
            0.000000  0.000000  0.000000
   -5.835    5.981    5.981    5.986    8.535    8.536    8.536    9.098   13.695   13.695
            0.000001  0.017677  0.000001
   -5.833    5.962    5.969    5.973    8.529    8.550    8.551    9.117   13.673   13.698
            0.000001  0.035354  0.000001
   -5.825    5.905    5.935    5.938    8.509    8.594    8.595    9.174   13.608   13.707
            0.000002  0.053031  0.000002
   -5.811    5.813    5.881    5.884    8.476    8.665    8.665    9.263   13.505   13.722
            0.000002  0.070708  0.000002
   -5.792    5.692    5.810    5.813    8.432    8.759    8.760    9.378   13.373   13.743
            0.000003  0.088385  0.000003
   -5.768    5.549    5.725    5.728    8.378    8.874    8.874    9.513   13.220   13.770
            0.000004  0.106062  0.000004
   -5.739    5.387    5.630    5.633    8.314    9.005    9.006    9.659   13.054   13.803
            0.000004  0.123739  0.000004
   -5.704    5.211    5.527    5.530    8.242    9.151    9.151    9.810   12.885   13.842
            0.000005  0.141416  0.000005
   -5.664    5.024    5.419    5.421    8.165    9.309    9.309    9.956   12.724   13.886
            0.000006  0.159093  0.000006
   -5.618    4.828    5.307    5.309    8.082    9.476    9.476   10.086   12.581   13.937
            0.000006  0.176771  0.000006
   -5.567    4.626    5.193    5.196    7.996    9.652    9.652   10.189   12.470   13.994
            0.000007  0.194448  0.000007
   -5.511    4.420    5.079    5.081    7.907    9.834    9.834   10.251   12.406   14.056
            0.000007  0.212125  0.000007
   -5.450    4.209    4.965    4.967    7.816   10.022   10.023   10.260   12.401   14.125
            0.000008  0.229802  0.000008
   -5.384    3.995    4.852    4.854    7.725   10.213   10.216   10.216   12.458   14.200
            0.000009  0.247479  0.000009
   -5.312    3.780    4.741    4.743    7.635   10.119   10.414   10.414   12.570   14.280
            0.000009  0.265156  0.000009
   -5.235    3.562    4.632    4.634    7.545    9.988   10.616   10.616   12.726   14.366
            0.000010  0.282833  0.000010
   -5.153    3.343    4.525    4.527    7.457    9.833   10.821   10.821   12.914   14.459
            0.000010  0.300510  0.000010
   -5.065    3.123    4.421    4.423    7.371    9.663   11.029   11.030   13.125   14.557
            0.000011  0.318187  0.000011
   -4.973    2.902    4.321    4.323    7.289    9.484   11.241   11.241   13.353   14.661
            0.000012  0.335864  0.000012
   -4.876    2.680    4.224    4.226    7.209    9.301   11.454   11.454   13.593   14.771
            0.000012  0.353541  0.000012
   -4.773    2.459    4.130    4.132    7.133    9.118   11.670   11.670   13.841   14.887
            0.000013  0.371218  0.000013
   -4.666    2.237    4.041    4.043    7.061    8.937   11.887   11.887   14.095   15.009
            0.000014  0.388895  0.000014
   -4.554    2.015    3.955    3.957    6.993    8.760   12.107   12.107   14.353   15.137
            0.000014  0.406572  0.000014
   -4.437    1.794    3.874    3.876    6.930    8.587   12.328   12.328   14.614   15.271
            0.000015  0.424249  0.000015
   -4.315    1.573    3.797    3.798    6.871    8.420   12.551   12.551   14.878   15.410
            0.000015  0.441926  0.000015
   -4.188    1.352    3.724    3.726    6.818    8.259   12.775   12.775   15.142   15.555
            0.000016  0.459603  0.000016
   -4.057    1.133    3.655    3.657    6.770    8.104   13.001   13.001   15.406   15.707
            0.000017  0.477280  0.000017
   -3.921    0.914    3.591    3.593    6.727    7.957   13.228   13.228   15.669   15.864
            0.000017  0.494957  0.000017
   -3.780    0.696    3.531    3.533    6.690    7.817   13.456   13.456   15.932   16.027
            0.000018  0.512635  0.000018
   -3.635    0.480    3.476    3.478    6.658    7.684   13.685   13.685   16.192   16.195
            0.000019  0.530312  0.000019
   -3.486    0.265    3.426    3.428    6.633    7.560   13.915   13.916   16.370   16.451
            0.000019  0.547989  0.000019
   -3.332    0.051    3.380    3.382    6.614    7.442   14.146   14.146   16.550   16.706
            0.000020  0.565666  0.000020
   -3.174   -0.160    3.339    3.341    6.600    7.333   14.378   14.378   16.736   16.958
            0.000020  0.583343  0.000020
   -3.012   -0.370    3.303    3.305    6.594    7.232   14.609   14.609   16.928   17.207
            0.000021  0.601020  0.000021
   -2.845   -0.577    3.272    3.273    6.593    7.138   14.839   14.839   17.125   17.450
            0.000022  0.618697  0.000022
   -2.675   -0.783    3.245    3.247    6.600    7.052   15.067   15.067   17.328   17.689
            0.000022  0.636374  0.000022
   -2.501   -0.985    3.223    3.225    6.613    6.973   15.290   15.291   17.519   17.519
            0.000023  0.654051  0.000023
   -2.323   -1.186    3.206    3.208    6.633    6.902   15.503   15.504   17.301   17.301
            0.000023  0.671728  0.000023
   -2.142   -1.383    3.194    3.196    6.660    6.839   15.696   15.696   17.104   17.104
            0.000024  0.689405  0.000024
   -1.957   -1.577    3.187    3.189    6.694    6.783   15.844   15.844   16.954   16.954
            0.000025  0.707082  0.000025
   -1.770   -1.768    3.184    3.186    6.734    6.736   15.903   15.904   16.894   16.894
            0.008863  0.707082  0.000025
   -1.769   -1.768    3.182    3.184    6.737    6.740   15.897   15.898   16.883   16.884
            0.017702  0.707083  0.000025
   -1.769   -1.767    3.176    3.178    6.748    6.751   15.879   15.880   16.854   16.856
            0.026540  0.707083  0.000026
   -1.768   -1.766    3.166    3.168    6.767    6.769   15.849   15.850   16.812   16.813
            0.035379  0.707083  0.000026
   -1.766   -1.765    3.153    3.154    6.793    6.795   15.805   15.807   16.761   16.763
            0.044217  0.707084  0.000026
   -1.764   -1.763    3.135    3.137    6.825    6.828   15.747   15.748   16.709   16.710
            0.053056  0.707084  0.000027
   -1.762   -1.760    3.115    3.116    6.865    6.867   15.673   15.674   16.659   16.660
            0.061894  0.707084  0.000027
   -1.759   -1.758    3.091    3.093    6.911    6.913   15.583   15.585   16.614   16.616
            0.070733  0.707085  0.000027
   -1.756   -1.755    3.064    3.066    6.963    6.965   15.480   15.482   16.576   16.578
            0.079571  0.707085  0.000027
   -1.753   -1.751    3.035    3.037    7.021    7.023   15.365   15.367   16.545   16.546
            0.088410  0.707085  0.000028
   -1.749   -1.747    3.004    3.006    7.085    7.087   15.239   15.242   16.520   16.521
            0.097248  0.707085  0.000028
   -1.745   -1.743    2.971    2.973    7.154    7.156   15.105   15.108   16.500   16.500
            0.106087  0.707086  0.000028
   -1.740   -1.739    2.937    2.939    7.228    7.230   14.965   14.968   16.483   16.484
            0.114926  0.707086  0.000029
   -1.735   -1.734    2.901    2.903    7.306    7.309   14.820   14.822   16.471   16.471
            0.123764  0.707086  0.000029
   -1.730   -1.729    2.865    2.866    7.389    7.392   14.670   14.673   16.460   16.461
            0.132603  0.707087  0.000029
   -1.725   -1.723    2.827    2.829    7.477    7.479   14.518   14.520   16.452   16.453
            0.141441  0.707087  0.000030
   -1.719   -1.718    2.790    2.791    7.568    7.570   14.363   14.366   16.446   16.446
            0.150280  0.707087  0.000030
   -1.714   -1.712    2.752    2.754    7.663    7.665   14.206   14.209   16.441   16.441
            0.159118  0.707088  0.000030
   -1.708   -1.706    2.714    2.716    7.761    7.764   14.048   14.051   16.437   16.437
            0.167957  0.707088  0.000031
   -1.702   -1.701    2.677    2.678    7.863    7.866   13.889   13.892   16.433   16.434
            0.176795  0.707088  0.000031
   -1.696   -1.695    2.640    2.641    7.968    7.970   13.729   13.732   16.431   16.431
            0.185634  0.707089  0.000031
   -1.690   -1.688    2.604    2.605    8.076    8.078   13.570   13.573   16.429   16.430
            0.194472  0.707089  0.000031
   -1.684   -1.682    2.568    2.570    8.186    8.189   13.410   13.413   16.428   16.428
            0.203311  0.707089  0.000032
   -1.678   -1.676    2.534    2.536    8.299    8.302   13.250   13.253   16.427   16.427
            0.212149  0.707089  0.000032
   -1.672   -1.670    2.501    2.502    8.414    8.417   13.090   13.093   16.426   16.426
            0.220988  0.707090  0.000032
   -1.666   -1.665    2.469    2.471    8.532    8.535   12.931   12.934   16.426   16.426
            0.229826  0.707090  0.000033
   -1.660   -1.659    2.439    2.440    8.652    8.655   12.772   12.775   16.425   16.426
            0.238665  0.707090  0.000033
   -1.655   -1.653    2.410    2.411    8.774    8.777   12.614   12.617   16.425   16.426
            0.247503  0.707091  0.000033
   -1.649   -1.648    2.383    2.384    8.898    8.901   12.457   12.460   16.425   16.426
            0.256342  0.707091  0.000034
   -1.644   -1.643    2.358    2.359    9.023    9.026   12.301   12.303   16.425   16.426
            0.265180  0.707091  0.000034
   -1.640   -1.638    2.334    2.336    9.150    9.153   12.146   12.149   16.426   16.426
            0.274019  0.707092  0.000034
   -1.635   -1.634    2.313    2.314    9.278    9.281   11.992   11.995   16.426   16.426
            0.282858  0.707092  0.000035
   -1.631   -1.630    2.293    2.295    9.407    9.410   11.841   11.843   16.426   16.426
            0.291696  0.707092  0.000035
   -1.628   -1.626    2.276    2.277    9.537    9.540   11.691   11.694   16.426   16.427
            0.300535  0.707093  0.000035
   -1.624   -1.623    2.261    2.262    9.666    9.669   11.544   11.547   16.427   16.427
            0.309373  0.707093  0.000036
   -1.622   -1.620    2.248    2.249    9.795    9.798   11.402   11.404   16.427   16.427
            0.318212  0.707093  0.000036
   -1.619   -1.618    2.237    2.239    9.920    9.923   11.264   11.267   16.427   16.427
            0.327050  0.707094  0.000036
   -1.618   -1.616    2.229    2.230   10.039   10.042   11.136   11.139   16.427   16.428
            0.335889  0.707094  0.000036
   -1.616   -1.615    2.223    2.225   10.145   10.148   11.024   11.026   16.427   16.428
            0.344727  0.707094  0.000037
   -1.615   -1.614    2.220    2.221   10.224   10.227   10.941   10.942   16.428   16.428
            0.353566  0.707094  0.000037
   -1.615   -1.614    2.218    2.220   10.255   10.258   10.908   10.910   16.428   16.428
            0.353566  0.698256  0.008875
   -1.696   -1.534    2.162    2.280   10.188   10.306   10.856   10.987   16.271   16.565
            0.353566  0.689418  0.017713
   -1.776   -1.455    2.110    2.347   10.113   10.321   10.841   11.079   16.096   16.682
            0.353566  0.680580  0.026552
   -1.857   -1.378    2.064    2.417   10.035   10.298   10.870   11.179   15.904   16.780
            0.353566  0.671742  0.035390
   -1.937   -1.303    2.024    2.491    9.956   10.245   10.934   11.285   15.697   16.859
            0.353566  0.662903  0.044228
   -2.017   -1.231    1.990    2.567    9.878   10.175   11.021   11.396   15.479   16.922
            0.353566  0.654065  0.053066
   -2.096   -1.162    1.965    2.647    9.803   10.097   11.122   11.510   15.251   16.969
            0.353566  0.645227  0.061905
   -2.173   -1.096    1.947    2.729    9.730   10.015   11.231   11.627   15.015   17.003
            0.353566  0.636389  0.070743
   -2.250   -1.035    1.938    2.812    9.660    9.931   11.348   11.747   14.774   17.025
            0.353566  0.627550  0.079581
   -2.325   -0.979    1.938    2.898    9.593    9.848   11.469   11.869   14.529   17.036
            0.353566  0.618712  0.088419
   -2.399   -0.928    1.948    2.985    9.531    9.765   11.595   11.993   14.281   17.036
            0.353566  0.609874  0.097257
   -2.471   -0.883    1.968    3.074    9.471    9.683   11.726   12.119   14.031   17.026
            0.353566  0.601036  0.106096
   -2.541   -0.844    1.998    3.163    9.416    9.602   11.859   12.246   13.781   17.007
            0.353566  0.592198  0.114934
   -2.610   -0.810    2.039    3.252    9.365    9.522   11.997   12.375   13.530   16.978
            0.353566  0.583359  0.123772
   -2.676   -0.783    2.090    3.342    9.318    9.444   12.137   12.505   13.281   16.939
            0.353566  0.574521  0.132610
   -2.740   -0.762    2.151    3.432    9.275    9.368   12.280   12.635   13.034   16.890
            0.353566  0.565683  0.141449
   -2.803   -0.746    2.222    3.521    9.237    9.292   12.423   12.766   12.791   16.831
            0.353566  0.556845  0.150287
   -2.863   -0.735    2.302    3.610    9.203    9.218   12.503   12.619   12.898   16.761
            0.353566  0.548007  0.159125
   -2.920   -0.728    2.390    3.698    9.145    9.174   12.292   12.742   13.028   16.681
            0.353566  0.539168  0.167963
   -2.976   -0.726    2.487    3.784    9.073    9.150   12.058   12.895   13.158   16.590
            0.353566  0.530330  0.176801
   -3.029   -0.727    2.591    3.869    9.001    9.130   11.826   13.054   13.286   16.491
            0.353566  0.521492  0.185640
   -3.080   -0.731    2.702    3.951    8.930    9.115   11.599   13.215   13.411   16.385
            0.353566  0.512654  0.194478
   -3.128   -0.738    2.818    4.031    8.858    9.104   11.377   13.380   13.531   16.276
            0.353566  0.503815  0.203316
   -3.174   -0.746    2.940    4.109    8.786    9.098   11.162   13.547   13.646   16.166
            0.353566  0.494977  0.212154
   -3.217   -0.756    3.067    4.183    8.713    9.097   10.954   13.718   13.752   16.061
            0.353566  0.486139  0.220992
   -3.258   -0.767    3.197    4.255    8.637    9.100   10.755   13.847   13.891   15.966
            0.353566  0.477301  0.229831
   -3.297   -0.779    3.330    4.322    8.559    9.107   10.565   13.927   14.066   15.885
            0.353566  0.468463  0.238669
   -3.333   -0.791    3.466    4.386    8.478    9.118   10.387   13.988   14.244   15.824
            0.353566  0.459624  0.247507
   -3.366   -0.803    3.603    4.446    8.393    9.132   10.221   14.028   14.424   15.787
            0.353566  0.450786  0.256345
   -3.396   -0.815    3.741    4.502    8.303    9.149   10.068   14.044   14.607   15.779
            0.353566  0.441948  0.265184
   -3.424   -0.826    3.879    4.553    8.209    9.169    9.930   14.037   14.792   15.798
            0.353566  0.433110  0.274022
   -3.450   -0.837    4.015    4.600    8.110    9.190    9.808   14.011   14.979   15.843
            0.353566  0.424271  0.282860
   -3.473   -0.847    4.147    4.642    8.009    9.212    9.700   13.971   15.167   15.907
            0.353566  0.415433  0.291698
   -3.493   -0.856    4.275    4.679    7.907    9.235    9.608   13.923   15.358   15.987
            0.353566  0.406595  0.300536
   -3.510   -0.864    4.396    4.711    7.806    9.257    9.530   13.872   15.548   16.076
            0.353566  0.397757  0.309375
   -3.525   -0.871    4.507    4.738    7.709    9.277    9.467   13.822   15.739   16.169
            0.353566  0.388919  0.318213
   -3.537   -0.877    4.605    4.761    7.622    9.295    9.416   13.777   15.929   16.261
            0.353566  0.380080  0.327051
   -3.546   -0.882    4.687    4.778    7.547    9.310    9.378   13.739   16.113   16.346
            0.353566  0.371242  0.335889
   -3.553   -0.885    4.749    4.791    7.490    9.321    9.351   13.711   16.285   16.416
            0.353566  0.362404  0.344728
   -3.557   -0.887    4.788    4.798    7.453    9.328    9.335   13.693   16.423   16.464
            0.353566  0.353566  0.353566
   -3.559   -0.888    4.801    4.801    7.441    9.330    9.330   13.687   16.482   16.482
            0.344727  0.344727  0.344727
   -3.567   -0.875    4.802    4.802    7.442    9.331    9.331   13.689   16.401   16.401
            0.335887  0.335887  0.335887
   -3.593   -0.839    4.805    4.805    7.446    9.335    9.335   13.695   16.222   16.222
            0.327048  0.327048  0.327048
   -3.634   -0.779    4.811    4.811    7.453    9.341    9.341   13.704   16.010   16.010
            0.318209  0.318209  0.318209
   -3.688   -0.698    4.819    4.819    7.462    9.349    9.349   13.717   15.789   15.789
            0.309370  0.309370  0.309370
   -3.754   -0.598    4.829    4.829    7.473    9.360    9.360   13.732   15.567   15.567
            0.300531  0.300531  0.300531
   -3.828   -0.482    4.841    4.841    7.487    9.372    9.372   13.750   15.347   15.347
            0.291692  0.291692  0.291692
   -3.909   -0.351    4.855    4.855    7.504    9.386    9.386   13.770   15.132   15.132
            0.282853  0.282853  0.282853
   -3.996   -0.208    4.872    4.872    7.523    9.401    9.401   13.789   14.923   14.923
            0.274013  0.274013  0.274013
   -4.085   -0.054    4.891    4.891    7.545    9.417    9.417   13.807   14.721   14.721
            0.265174  0.265174  0.265174
   -4.177    0.110    4.912    4.912    7.569    9.433    9.433   13.821   14.526   14.526
            0.256335  0.256335  0.256335
   -4.270    0.282    4.935    4.935    7.596    9.450    9.450   13.826   14.340   14.340
            0.247496  0.247496  0.247496
   -4.363    0.461    4.960    4.960    7.625    9.465    9.465   13.815   14.163   14.163
            0.238657  0.238657  0.238657
   -4.456    0.647    4.987    4.987    7.656    9.479    9.479   13.781   13.996   13.996
            0.229818  0.229818  0.229818
   -4.547    0.840    5.017    5.017    7.690    9.491    9.491   13.716   13.839   13.839
            0.220979  0.220979  0.220979
   -4.637    1.037    5.048    5.048    7.725    9.500    9.500   13.613   13.695   13.695
            0.212139  0.212139  0.212139
   -4.725    1.240    5.082    5.082    7.763    9.505    9.505   13.476   13.562   13.562
            0.203300  0.203300  0.203300
   -4.810    1.448    5.117    5.117    7.803    9.505    9.505   13.312   13.444   13.444
            0.194461  0.194461  0.194461
   -4.893    1.659    5.155    5.155    7.845    9.500    9.500   13.129   13.339   13.339
            0.185622  0.185622  0.185622
   -4.974    1.875    5.194    5.194    7.888    9.488    9.488   12.932   13.250   13.250
            0.176783  0.176783  0.176783
   -5.051    2.094    5.235    5.235    7.934    9.469    9.469   12.725   13.175   13.175
            0.167944  0.167944  0.167944
   -5.125    2.316    5.277    5.277    7.980    9.444    9.444   12.513   13.117   13.117
            0.159105  0.159105  0.159105
   -5.196    2.542    5.321    5.321    8.028    9.411    9.411   12.295   13.075   13.075
            0.150265  0.150265  0.150265
   -5.264    2.769    5.366    5.366    8.077    9.371    9.371   12.075   13.048   13.048
            0.141426  0.141426  0.141426
   -5.328    2.999    5.412    5.412    8.127    9.324    9.324   11.852   13.037   13.037
            0.132587  0.132587  0.132587
   -5.388    3.230    5.459    5.459    8.177    9.271    9.271   11.627   13.040   13.040
            0.123748  0.123748  0.123748
   -5.445    3.463    5.507    5.507    8.227    9.212    9.212   11.402   13.056   13.056
            0.114909  0.114909  0.114909
   -5.498    3.696    5.555    5.555    8.276    9.150    9.150   11.176   13.083   13.083
            0.106070  0.106070  0.106070
   -5.548    3.929    5.603    5.603    8.325    9.085    9.085   10.951   13.122   13.122
            0.097231  0.097231  0.097231
   -5.593    4.161    5.651    5.651    8.372    9.018    9.018   10.726   13.169   13.169
            0.088391  0.088391  0.088391
   -5.635    4.391    5.698    5.698    8.418    8.951    8.951   10.505   13.224   13.224
            0.079552  0.079552  0.079552
   -5.673    4.618    5.743    5.743    8.460    8.885    8.885   10.287   13.283   13.283
            0.070713  0.070713  0.070713
   -5.707    4.840    5.787    5.787    8.497    8.822    8.822   10.075   13.346   13.346
            0.061874  0.061874  0.061874
   -5.737    5.056    5.827    5.827    8.530    8.762    8.762    9.871   13.411   13.411
            0.053035  0.053035  0.053035
   -5.763    5.261    5.865    5.865    8.556    8.706    8.706    9.681   13.474   13.474
            0.044196  0.044196  0.044196
   -5.785    5.453    5.898    5.898    8.572    8.657    8.657    9.508   13.534   13.534
            0.035357  0.035357  0.035357
   -5.803    5.625    5.927    5.927    8.578    8.615    8.615    9.359   13.587   13.587
            0.026517  0.026517  0.026517
   -5.817    5.773    5.950    5.950    8.572    8.581    8.581    9.242   13.632   13.632
            0.017678  0.017678  0.017678
   -5.827    5.887    5.967    5.967    8.556    8.556    8.557    9.160   13.667   13.667
            0.008839  0.008839  0.008839
   -5.833    5.960    5.977    5.977    8.541    8.541    8.541    9.113   13.688   13.688
            0.000000  0.000000  0.000000
   -5.835    5.981    5.981    5.986    8.535    8.536    8.536    9.098   13.695   13.695
