 &plot nbnd=  12, nks=   121 /
            0.333333  0.577350  0.000000
  -12.317  -12.317  -10.273    0.290    0.290   10.926   13.052   13.052   13.578   15.511
   15.511   16.198
            0.325000  0.562917  0.000000
  -12.509  -12.146  -10.242    0.051    0.527   10.937   12.853   13.146   13.594   15.487
   15.580   15.907
            0.316667  0.548483  0.000000
  -12.741  -11.967  -10.159   -0.200    0.775   10.968   12.520   13.212   13.615   15.486
   15.577   15.681
            0.308333  0.534049  0.000000
  -12.999  -11.780  -10.038   -0.463    1.033   11.014   12.126   13.249   13.605   15.235
   15.436   15.819
            0.300000  0.519615  0.000000
  -13.272  -11.585   -9.889   -0.734    1.300   11.068   11.706   13.257   13.546   14.900
   15.271   15.994
            0.291667  0.505181  0.000000
  -13.553  -11.382   -9.719   -1.012    1.578   11.119   11.277   13.238   13.439   14.590
   14.996   16.204
            0.283333  0.490748  0.000000
  -13.836  -11.171   -9.533   -1.296    1.865   10.848   11.155   13.197   13.288   14.322
   14.664   16.446
            0.275000  0.476314  0.000000
  -14.120  -10.953   -9.333   -1.583    2.162   10.423   11.159   13.104   13.139   14.114
   14.307   16.716
            0.266667  0.461880  0.000000
  -14.402  -10.727   -9.123   -1.871    2.467   10.006   11.114   12.895   13.067   13.942
   13.982   17.009
            0.258333  0.447446  0.000000
  -14.680  -10.494   -8.903   -2.159    2.782    9.598   11.011   12.669   12.984   13.577
   13.936   17.320
            0.250000  0.433013  0.000000
  -14.953  -10.253   -8.674   -2.447    3.104    9.200   10.850   12.430   12.894   13.218
   13.974   17.645
            0.241667  0.418579  0.000000
  -15.220  -10.005   -8.439   -2.731    3.434    8.813   10.642   12.182   12.798   12.869
   14.084   17.978
            0.233333  0.404145  0.000000
  -15.480   -9.750   -8.197   -3.013    3.772    8.437   10.400   11.928   12.532   12.698
   14.250   18.309
            0.225000  0.389711  0.000000
  -15.734   -9.488   -7.950   -3.289    4.116    8.074   10.137   11.670   12.209   12.594
   14.455   18.618
            0.216667  0.375278  0.000000
  -15.980   -9.220   -7.699   -3.561    4.467    7.723    9.863   11.408   11.902   12.488
   14.685   18.871
            0.208333  0.360844  0.000000
  -16.219   -8.945   -7.443   -3.826    4.823    7.384    9.584   11.144   11.613   12.380
   14.926   19.003
            0.200000  0.346410  0.000000
  -16.449   -8.664   -7.185   -4.084    5.184    7.058    9.306   10.879   11.342   12.270
   15.164   18.952
            0.191667  0.331976  0.000000
  -16.671   -8.378   -6.924   -4.335    5.549    6.745    9.031   10.615   11.089   12.159
   15.383   18.731
            0.183333  0.317543  0.000000
  -16.885   -8.087   -6.662   -4.578    5.917    6.445    8.763   10.354   10.852   12.045
   15.568   18.400
            0.175000  0.303109  0.000000
  -17.090   -7.791   -6.400   -4.812    6.158    6.288    8.502   10.099   10.630   11.928
   15.703   18.010
            0.166667  0.288675  0.000000
  -17.286   -7.490   -6.138   -5.038    5.884    6.659    8.250    9.851   10.422   11.809
   15.779   17.589
            0.158333  0.274241  0.000000
  -17.473   -7.186   -5.877   -5.254    5.623    7.031    8.008    9.613   10.227   11.686
   15.797   17.154
            0.150000  0.259808  0.000000
  -17.651   -6.879   -5.618   -5.461    5.375    7.401    7.776    9.384   10.044   11.557
   15.765   16.715
            0.141667  0.245374  0.000000
  -17.820   -6.570   -5.657   -5.364    5.141    7.555    7.769    9.167    9.873   11.422
   15.697   16.280
            0.133333  0.230940  0.000000
  -17.980   -6.259   -5.844   -5.113    4.920    7.346    8.132    8.961    9.715   11.279
   15.605   15.856
            0.125000  0.216506  0.000000
  -18.130   -6.020   -5.949   -4.869    4.712    7.148    8.489    8.766    9.568   11.127
   15.449   15.498
            0.116667  0.202073  0.000000
  -18.271   -6.186   -5.640   -4.632    4.518    6.963    8.584    8.839    9.432   10.963
   15.063   15.383
            0.108333  0.187639  0.000000
  -18.403   -6.341   -5.334   -4.403    4.337    6.789    8.414    9.178    9.309   10.786
   14.703   15.267
            0.100000  0.173205  0.000000
  -18.525   -6.485   -5.032   -4.184    4.169    6.628    8.257    9.196    9.506   10.596
   14.374   15.151
            0.091667  0.158771  0.000000
  -18.637   -6.618   -4.736   -3.975    4.015    6.479    8.112    9.095    9.819   10.393
   14.078   15.040
            0.083333  0.144338  0.000000
  -18.740   -6.740   -4.450   -3.780    3.874    6.343    7.979    9.004   10.116   10.179
   13.817   14.935
            0.075000  0.129904  0.000000
  -18.833   -6.851   -4.174   -3.598    3.746    6.220    7.860    8.924    9.957   10.395
   13.590   14.837
            0.066667  0.115470  0.000000
  -18.916   -6.950   -3.913   -3.431    3.632    6.110    7.753    8.854    9.732   10.652
   13.396   14.747
            0.058333  0.101036  0.000000
  -18.989   -7.037   -3.670   -3.280    3.531    6.012    7.658    8.794    9.511   10.885
   13.234   14.667
            0.050000  0.086603  0.000000
  -19.053   -7.113   -3.447   -3.147    3.444    5.928    7.577    8.743    9.301   11.093
   13.101   14.596
            0.041667  0.072169  0.000000
  -19.107   -7.178   -3.250   -3.032    3.370    5.856    7.508    8.701    9.107   11.272
   12.993   14.536
            0.033333  0.057735  0.000000
  -19.151   -7.231   -3.082   -2.937    3.310    5.797    7.451    8.668    8.938   11.422
   12.908   14.486
            0.025000  0.043301  0.000000
  -19.186   -7.272   -2.946   -2.862    3.263    5.751    7.407    8.642    8.799   11.541
   12.844   14.447
            0.016667  0.028868  0.000000
  -19.210   -7.301   -2.846   -2.808    3.230    5.719    7.376    8.624    8.695   11.626
   12.800   14.419
            0.008333  0.014434  0.000000
  -19.225   -7.319   -2.785   -2.776    3.209    5.699    7.357    8.614    8.632   11.678
   12.774   14.402
            0.000000  0.000000  0.000000
  -19.230   -7.325   -2.765   -2.765    3.203    5.693    7.351    8.610    8.610   11.695
   12.765   14.397
            0.000000  0.014434  0.000000
  -19.226   -7.320   -2.780   -2.773    3.208    5.698    7.356    8.613    8.626   11.682
   12.772   14.401
            0.000000  0.028868  0.000000
  -19.215   -7.307   -2.826   -2.797    3.223    5.712    7.370    8.620    8.675   11.644
   12.791   14.413
            0.000000  0.043301  0.000000
  -19.197   -7.285   -2.902   -2.837    3.248    5.737    7.393    8.632    8.755   11.579
   12.824   14.434
            0.000000  0.057735  0.000000
  -19.171   -7.254   -3.007   -2.892    3.283    5.771    7.426    8.647    8.866   11.490
   12.871   14.464
            0.000000  0.072169  0.000000
  -19.138   -7.215   -3.139   -2.961    3.329    5.815    7.468    8.662    9.007   11.376
   12.933   14.501
            0.000000  0.086603  0.000000
  -19.097   -7.166   -3.297   -3.042    3.384    5.869    7.520    8.678    9.176   11.239
   13.009   14.547
            0.000000  0.101036  0.000000
  -19.050   -7.109   -3.479   -3.135    3.449    5.932    7.581    8.692    9.372   11.080
   13.102   14.601
            0.000000  0.115470  0.000000
  -18.994   -7.043   -3.682   -3.238    3.525    6.006    7.651    8.703    9.594   10.900
   13.210   14.662
            0.000000  0.129904  0.000000
  -18.932   -6.969   -3.905   -3.349    3.610    6.089    7.730    8.709    9.840   10.699
   13.334   14.731
            0.000000  0.144338  0.000000
  -18.862   -6.886   -4.146   -3.467    3.706    6.181    7.818    8.710   10.108   10.480
   13.474   14.808
            0.000000  0.158771  0.000000
  -18.785   -6.794   -4.403   -3.591    3.812    6.283    7.913    8.707   10.244   10.397
   13.629   14.892
            0.000000  0.173205  0.000000
  -18.700   -6.694   -4.674   -3.719    3.927    6.395    8.015    8.701    9.992   10.705
   13.797   14.982
            0.000000  0.187639  0.000000
  -18.609   -6.585   -4.957   -3.850    4.053    6.516    8.121    8.694    9.725   11.030
   13.977   15.080
            0.000000  0.202073  0.000000
  -18.510   -6.468   -5.250   -3.984    4.189    6.646    8.226    8.692    9.446   11.372
   14.168   15.183
            0.000000  0.216506  0.000000
  -18.404   -6.343   -5.552   -4.118    4.334    6.784    8.315    8.710    9.155   11.728
   14.368   15.292
            0.000000  0.230940  0.000000
  -18.291   -6.210   -5.862   -4.252    4.490    6.931    8.370    8.767    8.854   12.098
   14.573   15.406
            0.000000  0.245374  0.000000
  -18.170   -6.177   -6.068   -4.386    4.656    7.083    8.384    8.548    8.872   12.480
   14.783   15.524
            0.000000  0.259808  0.000000
  -18.043   -6.498   -5.919   -4.518    4.832    7.237    8.241    8.368    9.012   12.872
   14.994   15.645
            0.000000  0.274241  0.000000
  -17.908   -6.823   -5.762   -4.647    5.018    7.369    7.958    8.337    9.175   13.274
   15.202   15.769
            0.000000  0.288675  0.000000
  -17.767   -7.151   -5.598   -4.774    5.213    7.360    7.820    8.298    9.354   13.684
   15.404   15.892
            0.000000  0.303109  0.000000
  -17.619   -7.481   -5.426   -4.897    5.419    7.116    7.922    8.255    9.546   14.100
   15.595   16.015
            0.000000  0.317543  0.000000
  -17.463   -7.812   -5.248   -5.016    5.634    6.797    8.102    8.209    9.749   14.521
   15.768   16.133
            0.000000  0.331976  0.000000
  -17.301   -8.144   -5.131   -5.062    5.860    6.461    8.163    8.308    9.964   14.946
   15.915   16.244
            0.000000  0.346410  0.000000
  -17.132   -8.475   -5.241   -4.870    6.095    6.118    8.116    8.528   10.188   15.373
   16.024   16.343
            0.000000  0.360844  0.000000
  -16.957   -8.806   -5.345   -4.673    5.772    6.339    8.070    8.759   10.423   15.800
   16.079   16.425
            0.000000  0.375278  0.000000
  -16.774   -9.135   -5.444   -4.470    5.427    6.593    8.025    9.001   10.667   16.066
   16.225   16.481
            0.000000  0.389711  0.000000
  -16.586   -9.462   -5.537   -4.262    5.083    6.857    7.983    9.252   10.921   15.967
   16.502   16.646
            0.000000  0.404145  0.000000
  -16.391   -9.787   -5.625   -4.051    4.742    7.128    7.945    9.512   11.184   15.781
   16.478   17.060
            0.000000  0.418579  0.000000
  -16.190  -10.108   -5.706   -3.836    4.407    7.404    7.914    9.780   11.456   15.516
   16.399   17.465
            0.000000  0.433013  0.000000
  -15.983  -10.426   -5.780   -3.620    4.078    7.664    7.911   10.057   11.737   15.191
   16.263   17.857
            0.000000  0.447446  0.000000
  -15.770  -10.740   -5.848   -3.404    3.759    7.777    8.068   10.342   12.027   14.826
   16.072   17.881
            0.000000  0.461880  0.000000
  -15.553  -11.049   -5.909   -3.190    3.451    7.770    8.357   10.634   12.326   14.435
   15.837   17.637
            0.000000  0.476314  0.000000
  -15.330  -11.352   -5.963   -2.980    3.159    7.750    8.673   10.934   12.632   14.031
   15.567   17.362
            0.000000  0.490748  0.000000
  -15.104  -11.649   -6.010   -2.779    2.885    7.729    9.002   11.240   12.944   13.621
   15.272   17.059
            0.000000  0.505181  0.000000
  -14.876  -11.937   -6.050   -2.591    2.634    7.709    9.341   11.551   13.168   13.306
   14.961   16.735
            0.000000  0.519615  0.000000
  -14.648  -12.214   -6.083   -2.421    2.413    7.693    9.691   11.866   12.784   13.606
   14.640   16.397
            0.000000  0.534049  0.000000
  -14.427  -12.474   -6.109   -2.276    2.228    7.681   10.049   12.182   12.376   13.941
   14.316   16.049
            0.000000  0.548483  0.000000
  -14.222  -12.706   -6.127   -2.165    2.088    7.671   10.416   11.973   12.493   13.999
   14.282   15.697
            0.000000  0.562917  0.000000
  -14.062  -12.883   -6.138   -2.094    2.000    7.666   10.789   11.577   12.774   13.712
   14.626   15.344
            0.000000  0.577350  0.000000
  -13.996  -12.954   -6.142   -2.070    1.970    7.664   11.112   11.247   12.921   13.564
   14.920   15.048
            0.008333  0.577350  0.000000
  -13.995  -12.953   -6.148   -2.068    1.970    7.671   11.113   11.248   12.919   13.566
   14.921   15.050
            0.016667  0.577350  0.000000
  -13.992  -12.949   -6.164   -2.064    1.969    7.694   11.118   11.253   12.914   13.571
   14.923   15.054
            0.025000  0.577350  0.000000
  -13.987  -12.944   -6.192   -2.056    1.967    7.731   11.125   11.261   12.905   13.579
   14.928   15.060
            0.033333  0.577350  0.000000
  -13.979  -12.937   -6.230   -2.046    1.964    7.783   11.136   11.272   12.893   13.591
   14.935   15.069
            0.041667  0.577350  0.000000
  -13.970  -12.928   -6.279   -2.032    1.961    7.850   11.149   11.286   12.876   13.606
   14.943   15.081
            0.050000  0.577350  0.000000
  -13.958  -12.916   -6.338   -2.016    1.957    7.930   11.166   11.303   12.856   13.624
   14.953   15.095
            0.058333  0.577350  0.000000
  -13.944  -12.903   -6.407   -1.996    1.952    8.024   11.185   11.324   12.831   13.645
   14.965   15.112
            0.066667  0.577350  0.000000
  -13.929  -12.887   -6.485   -1.974    1.945    8.131   11.208   11.347   12.802   13.670
   14.979   15.131
            0.075000  0.577350  0.000000
  -13.911  -12.870   -6.572   -1.948    1.938    8.250   11.233   11.374   12.768   13.698
   14.994   15.153
            0.083333  0.577350  0.000000
  -13.891  -12.850   -6.667   -1.920    1.930    8.382   11.261   11.404   12.729   13.730
   15.010   15.177
            0.091667  0.577350  0.000000
  -13.869  -12.829   -6.770   -1.888    1.920    8.524   11.292   11.437   12.685   13.765
   15.028   15.204
            0.100000  0.577350  0.000000
  -13.844  -12.805   -6.881   -1.854    1.908    8.678   11.326   11.473   12.635   13.803
   15.047   15.233
            0.108333  0.577350  0.000000
  -13.818  -12.780   -6.997   -1.817    1.895    8.841   11.363   11.512   12.580   13.844
   15.068   15.264
            0.116667  0.577350  0.000000
  -13.789  -12.753   -7.120   -1.776    1.880    9.014   11.403   11.554   12.519   13.889
   15.089   15.297
            0.125000  0.577350  0.000000
  -13.759  -12.724   -7.249   -1.733    1.863    9.196   11.445   11.599   12.453   13.937
   15.111   15.333
            0.133333  0.577350  0.000000
  -13.726  -12.694   -7.382   -1.687    1.844    9.385   11.490   11.647   12.382   13.988
   15.134   15.370
            0.141667  0.577350  0.000000
  -13.692  -12.661   -7.520   -1.638    1.823    9.582   11.538   11.698   12.306   14.043
   15.157   15.410
            0.150000  0.577350  0.000000
  -13.655  -12.628   -7.662   -1.585    1.799    9.785   11.589   11.752   12.227   14.101
   15.180   15.451
            0.158333  0.577350  0.000000
  -13.616  -12.592   -7.807   -1.530    1.772    9.995   11.642   11.809   12.144   14.162
   15.204   15.494
            0.166667  0.577350  0.000000
  -13.575  -12.556   -7.954   -1.472    1.742   10.209   11.697   11.869   12.058   14.226
   15.227   15.538
            0.175000  0.577350  0.000000
  -13.532  -12.518   -8.105   -1.411    1.709   10.427   11.755   11.932   11.971   14.294
   15.249   15.584
            0.183333  0.577350  0.000000
  -13.486  -12.479   -8.256   -1.347    1.673   10.649   11.816   11.883   11.997   14.365
   15.271   15.631
            0.191667  0.577350  0.000000
  -13.439  -12.440   -8.409   -1.281    1.633   10.873   11.795   11.878   12.066   14.439
   15.292   15.680
            0.200000  0.577350  0.000000
  -13.390  -12.400   -8.563   -1.211    1.589   11.098   11.708   11.943   12.138   14.517
   15.312   15.728
            0.208333  0.577350  0.000000
  -13.338  -12.359   -8.716   -1.138    1.541   11.323   11.622   12.010   12.214   14.598
   15.330   15.778
            0.216667  0.577350  0.000000
  -13.285  -12.319   -8.869   -1.063    1.490   11.539   11.546   12.078   12.293   14.682
   15.346   15.827
            0.225000  0.577350  0.000000
  -13.229  -12.279   -9.020   -0.984    1.434   11.459   11.765   12.148   12.377   14.769
   15.361   15.876
            0.233333  0.577350  0.000000
  -13.171  -12.241   -9.170   -0.903    1.373   11.383   11.976   12.220   12.467   14.860
   15.374   15.925
            0.241667  0.577350  0.000000
  -13.111  -12.204   -9.316   -0.819    1.308   11.312   12.173   12.293   12.568   14.954
   15.386   15.972
            0.250000  0.577350  0.000000
  -13.050  -12.170   -9.457   -0.732    1.238   11.246   12.349   12.366   12.684   15.051
   15.395   16.016
            0.258333  0.577350  0.000000
  -12.986  -12.140   -9.594   -0.642    1.164   11.185   12.440   12.497   12.820   15.151
   15.404   16.055
            0.266667  0.577350  0.000000
  -12.920  -12.116   -9.723   -0.550    1.085   11.130   12.515   12.619   12.970   15.255
   15.411   16.083
            0.275000  0.577350  0.000000
  -12.851  -12.098   -9.843   -0.455    1.001   11.082   12.589   12.722   13.122   15.361
   15.418   16.090
            0.283333  0.577350  0.000000
  -12.781  -12.089   -9.952   -0.356    0.913   11.040   12.662   12.812   13.264   15.425
   15.471   16.051
            0.291667  0.577350  0.000000
  -12.709  -12.091  -10.048   -0.255    0.820   11.004   12.734   12.894   13.386   15.432
   15.584   15.954
            0.300000  0.577350  0.000000
  -12.635  -12.105  -10.129   -0.152    0.722   10.975   12.805   12.966   13.480   15.441
   15.701   15.829
            0.308333  0.577350  0.000000
  -12.558  -12.135  -10.193   -0.045    0.620   10.953   12.872   13.026   13.543   15.452
   15.711   15.820
            0.316667  0.577350  0.000000
  -12.480  -12.180  -10.238    0.064    0.514   10.938   12.937   13.068   13.573   15.467
   15.616   15.943
            0.325000  0.577350  0.000000
  -12.400  -12.241  -10.265    0.176    0.404   10.929   12.997   13.081   13.580   15.486
   15.550   16.069
            0.333333  0.577350  0.000000
  -12.317  -12.317  -10.273    0.290    0.290   10.926   13.052   13.052   13.578   15.511
   15.511   16.198
