   1.81473876930396      -0.386072986457354       1.165564399288266E-011
 -1.486175375473020E-011  5.452725944377068E-013 -9.192041731717124E-012
  1.172049523406882E-011 -4.300127962042488E-013  2.452116900815277E-002
 -7.004143181671140E-014  8.930775905044083E-014 -3.276675805685692E-015
 -1.823119834848574E-013  2.324604437165412E-013 -8.528937376229423E-015
   3.58824921680040      -1.225589812287950E-009  1.701511311563182E-010
  -4.41039911445094       9.343140108765512E-010 -1.297127696939262E-010
   7.96937925208173      -5.074034595264898E-010  9.343140108812246E-010
  -12.1507246989960       3.868131995266033E-010   7.96937925225196     
 -1.297127696837011E-010  3.868131804446451E-010  -12.1507246992555     
   1.39312773271238      -7.266283275706542E-010  1.008793772100809E-010
   4.72488916160763      -3.008296840800728E-010   4.72488916170855     
   1.81473876930396      -0.386072986457354      -1.165564399280325E-011
  1.486175288736846E-011 -5.452706428737963E-013  9.192041731346548E-012
 -1.172049284882404E-011  4.300190845768492E-013  2.452116900815277E-002
  7.004143180513088E-014 -8.930776582670441E-014  3.276743568321472E-015
  1.823119834815487E-013 -2.324605030088476E-013  8.528849284802908E-015
   3.58824921680040      -1.225589812294389E-009  1.701511311556497E-010
  -4.41039911445095       9.343140108815058E-010 -1.297127696932324E-010
   7.96937925208173      -5.074034734042776E-010  9.343140108863597E-010
  -12.1507246989960       3.868131648321338E-010   7.96937925225195     
 -1.297127696814512E-010  3.868132480988606E-010  -12.1507246992555     
   1.39312773271238      -7.266283275753709E-010  1.008793772083601E-010
   4.72488916160763      -3.008296389772624E-010   4.72488916170855     
